915 -330.85 -201.65
214 -318.34 -208.86
713 -318.34 -194.43
612 -305.71 -351.38
509 -305.71 -369.81
112 -302.19 -185.69
310 -327.19 -171.26
914 -302.19 -156.82
401 -310.53 -171.26
117 -305.71 -355.38
504 -305.71 -373.38
216 -305.71 -355.38
501 -305.71 -373.38
714 -305.71 -355.38
512 -305.71 -373.38
712 -305.71 -355.38
114 -305.67 -373.91
115 -330.85 -201.65
615 -318.34 -208.86
1014 -318.34 -194.43
502 -305.71 -355.38
917 -305.71 -373.38
1015 -305.71 -355.38
916 -305.71 -373.37
711 -305.71 -351.81
614 -305.71 -369.81
617 -305.71 -355.38
503 -305.71 -373.38
110 -305.71 -351.81
510 -305.71 -369.81
912 -305.71 -351.76
508 -305.71 -369.81
413 -305.71 -355.38
1427 -305.71 -373.85
406 -305.71 -351.0
1426 -305.71 -369.81
907 -305.71 -355.38
207 -305.71 -355.38
901 -305.71 -355.38
1203 -305.71 -373.38
601 -305.71 -351.81
1201 -305.71 -369.81
811 -305.71 -355.38
313 -305.71 -373.38
1001 -305.71 -351.49
202 -305.71 -369.81
308 -330.56 -199.49
1013 -318.34 -208.86
505 -320.35 -193.6
710 -330.56 -199.49
817 -318.34 -208.86
506 -320.35 -193.6
613 -330.56 -199.49
212 -318.34 -208.86
816 -320.35 -193.6
610 -305.71 -355.38
1424 -305.71 -373.43
818 -305.71 -350.87
1012 -305.71 -369.81
709 -305.71 -355.38
1011 -305.71 -373.38
411 -305.71 -351.81
315 -305.71 -369.81
1020 -305.71 -355.38
921 -305.71 -373.38
922 -305.71 -355.38
1406 -305.71 -373.38
121 -305.71 -355.38
1411 -305.71 -373.38
211 -305.71 -355.38
507 -305.71 -373.38
412 -305.71 -355.38
1110 -305.71 -373.85
1021 -305.71 -355.38
1405 -305.71 -373.43
312 -330.85 -201.65
404 -318.34 -208.86
511 -318.34 -194.43
113 -305.71 -355.38
213 -305.67 -373.75
309 299.66 -396.7
1428 -234.27 143.17
850 240.27 -161.64
1111 -228.27 161.64
851 187.41 173.83
1112 -195.9 -165.34
717 191.65 151.07
1429 -160.5 -160.63
853 270.72 90.519
1114 -279.2 -82.034
217 -274.96 -104.25
1115 -313.72 236.99
854 305.22 -228.5
918 -383.37 -72.23
703 -305.71 -355.38
1504 -305.71 -373.38
1414 -828.95 -235.26
1419 -687.8 -556.36
1420 -604.91 -600.33
1431 -189.0 -99.806
1402 -240.01 -33.65
1410 -717.63 -19.893
210 -580.03 -575.43
220 -260.69 1.9928
621 -595.17 67.043
1010 -705.58 -525.8
718 -149.2 -99.813
1407 -606.84 46.93
108 -203.36 -511.24
1425 -219.21 -495.4
820 -809.28 -254.92
1412 -799.2 -131.29
304 -799.21 -107.17
122 -742.27 -19.893
810 77.806 452.18
809 77.806 480.12
808 77.806 520.69
101 203.36 738.4
102 203.36 709.48
103 203.36 680.77
104 203.36 652.47
105 203.36 612.99
106 203.36 583.2
107 203.36 541.99
109 217.47 426.57
602 328.92 820.66
1207 200.8 923.2
1206 267.81 930.7
902 454.47 881.98
903 454.47 847.68
904 454.47 824.09
905 454.47 800.51
906 454.47 776.93
908 454.47 689.41
909 454.47 665.82
603 328.92 792.67
604 328.92 764.59
605 328.92 736.51
606 328.92 708.43
607 328.92 680.36
608 328.92 652.28
609 328.92 624.2
201 777.04 861.83
203 587.53 851.3
204 587.53 815.62
205 587.53 779.95
206 587.53 744.27
208 587.53 672.92
209 587.53 637.24
1002 713.08 822.47
1003 713.08 786.07
1004 713.08 749.67
1005 713.08 713.27
1006 713.08 676.86
1007 713.08 640.46
1008 713.08 604.06
1009 713.08 567.66
701 839.04896 850.75973
702 839.04896 741.18078
704 838.64 599.19
705 838.64 547.17
706 838.64 505.61
707 820.82 467.68
708 781.49 428.34
111 368.68 369.46
116 611.13 151.2
215 354.88 173.52
219 268.19 28.005
221 268.19 -76.618
222 268.19 -102.66
224 268.19 -154.73
723 156.7 -107.57
722 156.7 -79.004
721 156.7 -50.438
720 156.7 -21.872
719 156.7 6.6934
716 234.88 194.63
715 254.92 214.62
118 661.13 100.95
119 682.5 79.573
120 712.3 49.485
321 37.703 16.028
320 37.703 41.735
319 37.703 67.442
318 37.703 93.149
925 491.18 -169.95
924 491.18 -139.51
1018 491.18 5.972
1017 491.18 36.564
1016 491.19 67.156
616 538.84 119.35
618 588.57 45.541
619 595.17 12.98
622 595.17 -95.358
623 595.17 -127.54
624 587.67 -159.73
403 333.28 273.82
402 373.86 284.36
911 454.47 543.57
913 454.47 434.75
307 721.35 183.48
306 745.93 158.91
305 769.41 135.45
301 823.64 -9.6785
302 831.14 24.867
303 831.14 59.412
919 370.27 31.544
823 934.67021 319.27249
822 899.76802 284.18098
821 872.54 256.37
819 785.51 265.07
611 328.92 500.76
1019 481.28 -17.48
923 491.18 -109.07
1022 379.69 -125.31
1023 379.69 -169.95
920 395.18 -8.9265
322 30.203 -9.6785
1423 382.55 597.72
1418 735.55 511.21
1421 545.72 608.63
1113 250.95 113.82
852 247.42 110.29
620 595.17 -19.421
218 268.19 58.391
1422 475.54 613.79
910 454.47 642.24
317 37.703 118.86
316 37.703 144.56
410 50.431 208.02
409 50.431 231.6
1205 334.83 930.7
1204 401.84 930.7
1202 396.13 869.33
311 333.28 300.44
405 203.71 325.11
1415 826.91 312.73
1416 821.16 348.7
1417 811.35 384.58
1413 821.76 206.36
1409 685.58 -2.7256
1408 650.22 -24.913
1404 354.21 -40.457
1403 318.45 -23.067
1401 218.49 61.606
1430 170.45 141.72
408 50.431 329.16
407 50.431 352.75
314 60.495 409.63
801 70.306 738.4
802 77.806 708.5
803 77.806 678.6
804 77.806 649.2
805 77.806 619.2
806 77.806 589.3
807 77.806 548.63
223 268.19 -128.69
1503 922.32165 784.33126
1502 922.32165 819.63126
1501 922.76359 849.24261
153 203.36 767.31
152 203.36 796.23
151 203.36 825.15
150 195.86 854.07
